"D2nd.WPC1" "D2nd.WPC2" "D2nd.WPC3" "E2nd.WPC1" "E2nd.WPC2" "E2nd.WPC3" "F2nd.WPC1" "F2nd.WPC2" "F2nd.WPC3"
"D2nd WPC1" 0 0.599102132435466 0.806380150642446 0.922599167985 0.927229800629591 0.92465034965035 0.965006568732832 0.96398219344395 0.961576846307385
"D2nd WPC2" 0.599102132435466 0 0.628953591486846 0.858252304583912 0.854461695956321 0.875170447502169 0.878622233930453 0.874944114453599 0.882134874338985
"D2nd WPC3" 0.806380150642446 0.628953591486846 0 0.832703274171846 0.846521417600546 0.894084200338737 0.869284490710238 0.861960633455152 0.853014726312865
"E2nd WPC1" 0.922599167985 0.858252304583912 0.832703274171846 0 0.462308826954429 0.576326726342711 0.915188145837395 0.913549198365294 0.916872516378477
"E2nd WPC2" 0.927229800629591 0.854461695956321 0.846521417600546 0.462308826954429 0 0.407819886227065 0.921550583769483 0.917795187465025 0.916081529159352
"E2nd WPC3" 0.92465034965035 0.875170447502169 0.894084200338737 0.576326726342711 0.407819886227065 0 0.902763226820325 0.894095893904616 0.892264739694531
"F2nd WPC1" 0.965006568732832 0.878622233930453 0.869284490710238 0.915188145837395 0.921550583769483 0.902763226820325 0 0.37434869739479 0.533865153026003
"F2nd WPC2" 0.96398219344395 0.874944114453599 0.861960633455152 0.913549198365294 0.917795187465025 0.894095893904616 0.37434869739479 0 0.442898917252825
"F2nd WPC3" 0.961576846307385 0.882134874338985 0.853014726312865 0.916872516378477 0.916081529159352 0.892264739694531 0.533865153026003 0.442898917252825 0
